# Blender v2.70 (sub 0) OBJ File: 'Pipe.blend'
# www.blender.org
mtllib Pipe.mtl
o Cube.006_Cube.001
v 13.136671 -0.843832 9.821795
v 12.898440 0.652628 9.042398
v 12.009681 1.210407 10.385006
v 12.247911 -0.286053 11.164403
v 11.702460 -1.438051 9.119263
v 11.464230 0.058410 8.339866
v 10.575470 0.616189 9.682474
v 10.813701 -0.880271 10.461870
vt 0.333333 1.000000
vt 0.000000 1.000000
vt 0.000000 0.500000
vt 0.333333 0.500000
vt 0.333333 0.000000
vt 0.666667 0.000000
vt 0.666667 0.500000
vt 1.000000 0.500000
vt 1.000000 1.000000
vt 0.666667 1.000000
vt 0.000000 0.000000
vt 1.000000 0.000000
vn 0.521574 -0.327336 -0.787916
vn -0.139806 0.878206 -0.457393
vn -0.521573 0.327336 0.787917
vn 0.139807 -0.878206 0.457394
vn 0.841674 0.348720 0.412285
vn -0.841674 -0.348721 -0.412285
vn 0.521573 -0.327335 -0.787917
vn -0.139807 0.878205 -0.457394
vn -0.521572 0.327336 0.787917
vn 0.139807 -0.878206 0.457393
vn 0.841674 0.348721 0.412285
vn -0.841674 -0.348719 -0.412285
usemtl None
s off
f 5/1/1 6/2/1 2/3/1
f 6/4/2 7/5/2 3/6/2
f 8/5/3 4/4/3 3/3/3
f 8/1/4 5/4/4 1/7/4
f 1/8/5 2/7/5 3/6/5
f 7/8/6 6/9/6 5/10/6
f 1/4/7 5/1/7 2/3/7
f 2/7/8 6/4/8 3/6/8
f 7/11/9 8/5/9 3/3/9
f 4/10/10 8/1/10 1/7/10
f 4/12/11 1/8/11 3/6/11
f 8/7/12 7/8/12 5/10/12
o Cube.005_Cube.001
v 23.058634 -1.941977 3.414622
v 23.585840 -1.021673 2.080942
v 24.434338 0.016378 3.132660
v 23.907131 -0.903926 4.466340
v 21.678158 -0.952483 3.551716
v 22.205364 -0.032180 2.218036
v 23.053862 1.005871 3.269754
v 22.526655 0.085568 4.603434
vt 0.000000 1.000000
vt 0.000000 0.500000
vt 0.333333 0.500000
vt 0.333333 0.000000
vt 0.666667 0.000000
vt 0.000000 0.000000
vt 0.666667 0.500000
vt 0.666667 1.000000
vt 1.000000 0.500000
vt 1.000000 1.000000
vt 0.333333 1.000000
vt 1.000000 0.000000
vn -0.497945 -0.609185 -0.617207
vn 0.309393 0.540086 -0.782677
vn 0.497945 0.609185 0.617207
vn -0.309393 -0.540085 0.782677
vn 0.810139 -0.580691 -0.080454
vn -0.810140 0.580689 0.080455
vn -0.497945 -0.609186 -0.617206
vn 0.497945 0.609186 0.617206
vn 0.810139 -0.580690 -0.080455
vn -0.810139 0.580691 0.080454
usemtl None
s off
f 14/13/13 10/14/13 9/15/13
f 14/15/14 15/16/14 11/17/14
f 15/18/15 16/16/15 12/15/15
f 13/15/16 9/19/16 12/20/16
f 9/21/17 10/19/17 11/17/17
f 15/21/18 14/22/18 13/20/18
f 13/23/19 14/13/19 9/15/19
f 10/19/14 14/15/14 11/17/14
f 11/14/20 15/18/20 12/15/20
f 16/23/16 13/15/16 12/20/16
f 12/24/21 9/21/21 11/17/21
f 16/19/22 15/21/22 13/20/22
o Cube.004_Cube.001
v 27.041672 -3.003182 22.109146
v 27.916332 -1.476354 19.896505
v 29.324030 0.245823 21.641356
v 28.449369 -1.281005 23.853996
v 24.751394 -1.361564 22.336592
v 25.626055 0.165264 20.123951
v 27.033752 1.887442 21.868801
v 26.159092 0.360613 24.081442
vt 0.333333 1.000000
vt 0.000000 1.000000
vt 0.000000 0.500000
vt 0.333333 0.000000
vt 0.666667 0.000000
vt 0.666667 0.500000
vt 0.333333 0.500000
vt 0.666667 1.000000
vt 1.000000 0.000000
vt 1.000000 0.500000
vt 1.000000 1.000000
vt 0.000000 0.000000
vn -0.497946 -0.609185 -0.617206
vn 0.309392 0.540085 -0.782678
vn 0.497945 0.609185 0.617206
vn -0.309393 -0.540085 0.782677
vn 0.810139 -0.580691 -0.080454
vn -0.810140 0.580689 0.080454
vn -0.497945 -0.609186 -0.617206
vn 0.309394 0.540086 -0.782676
vn 0.497945 0.609187 0.617205
vn -0.309394 -0.540085 0.782677
vn 0.810140 -0.580689 -0.080454
vn -0.810139 0.580690 0.080454
usemtl None
s off
f 21/25/23 22/26/23 18/27/23
f 23/28/24 19/29/24 18/30/24
f 24/28/25 20/31/25 19/27/25
f 21/31/26 17/30/26 20/32/26
f 18/30/27 19/29/27 20/33/27
f 24/30/28 23/34/28 22/35/28
f 17/31/29 21/25/29 18/27/29
f 22/31/30 23/28/30 18/30/30
f 23/36/31 24/28/31 19/27/31
f 24/25/32 21/31/32 20/32/32
f 17/34/33 18/30/33 20/33/33
f 21/32/34 24/30/34 22/35/34
o Cube.003_Cube.001
v 41.015110 -0.244562 30.315687
v 40.167194 -0.580808 27.639872
v 42.644909 -1.785499 27.006111
v 43.492828 -1.449253 29.681927
v 42.079990 2.290723 29.659660
v 41.232071 1.954477 26.983845
v 43.709789 0.749786 26.350084
v 44.557705 1.086032 29.025900
vt 0.000000 1.000000
vt 0.000000 0.500000
vt 0.333333 0.500000
vt 0.333333 0.000000
vt 0.666667 0.000000
vt 0.666667 0.500000
vt 0.666667 1.000000
vt 1.000000 0.500000
vt 1.000000 1.000000
vt 0.333333 1.000000
vt 0.000000 0.000000
vt 1.000000 0.000000
vn -0.876444 0.426133 0.224180
vn -0.299932 -0.118940 -0.946517
vn 0.876443 -0.426135 -0.224181
vn 0.299931 0.118940 0.946517
vn -0.376682 -0.896806 0.232057
vn 0.376679 0.896807 -0.232057
vn -0.876443 0.426134 0.224181
vn -0.299935 -0.118940 -0.946516
vn 0.876444 -0.426134 -0.224180
vn 0.299935 0.118941 0.946516
vn -0.376677 -0.896808 0.232056
vn 0.376682 0.896806 -0.232057
usemtl None
s off
f 30/37/35 26/38/35 25/39/35
f 30/39/36 31/40/36 27/41/36
f 32/40/37 28/39/37 27/38/37
f 29/39/38 25/42/38 28/43/38
f 25/44/39 26/42/39 27/41/39
f 31/44/40 30/45/40 29/43/40
f 29/46/41 30/37/41 25/39/41
f 26/42/42 30/39/42 27/41/42
f 31/47/43 32/40/43 27/38/43
f 32/46/44 29/39/44 28/43/44
f 28/48/45 25/44/45 27/41/45
f 32/42/46 31/44/46 29/43/46
o Cube.002_Cube.001
v 24.772123 -1.903897 37.330582
v 25.050358 -1.683271 34.525959
v 27.825647 -1.243150 34.835903
v 27.547415 -1.463776 37.640530
v 24.311300 0.879918 37.503857
v 24.589533 1.100544 34.699230
v 27.364824 1.540666 35.009178
v 27.086590 1.320039 37.813801
vt 0.333333 1.000000
vt 0.000000 1.000000
vt 0.000000 0.500000
vt 0.333333 0.000000
vt 0.666667 0.000000
vt 0.666667 0.500000
vt 0.333333 0.500000
vt 1.000000 0.000000
vt 1.000000 0.500000
vt 1.000000 1.000000
vt 0.000000 0.000000
vt 0.666667 1.000000
vn -0.981704 -0.155683 -0.109637
vn 0.098416 0.078043 -0.992080
vn 0.981704 0.155682 0.109637
vn -0.098416 -0.078043 0.992080
vn 0.163007 -0.984719 -0.061292
vn -0.163008 0.984719 0.061292
vn -0.981704 -0.155684 -0.109637
vn 0.098424 0.078041 -0.992080
vn 0.981704 0.155685 0.109637
vn -0.098420 -0.078042 0.992080
vn 0.163008 -0.984719 -0.061292
vn -0.163007 0.984719 0.061292
usemtl None
s off
f 37/49/47 38/50/47 34/51/47
f 39/52/48 35/53/48 34/54/48
f 40/52/49 36/55/49 35/51/49
f 40/49/50 37/55/50 33/54/50
f 34/54/51 35/53/51 36/56/51
f 40/54/52 39/57/52 38/58/52
f 33/55/53 37/49/53 34/51/53
f 38/55/54 39/52/54 34/54/54
f 39/59/55 40/52/55 35/51/55
f 36/60/56 40/49/56 33/54/56
f 33/57/57 34/54/57 36/56/57
f 37/60/58 40/54/58 38/58/58
o Cube.001
v 37.422947 -0.083135 38.584244
v 36.416306 -0.316666 36.871895
v 37.751778 -1.679551 36.272678
v 38.758419 -1.446020 37.985027
v 38.519844 1.361859 37.742336
v 37.513203 1.128328 36.029987
v 38.848675 -0.234557 35.430771
v 39.855316 -0.001026 37.143120
vt 0.000000 1.000000
vt 0.000000 0.500000
vt 0.333333 0.500000
vt 0.333333 0.000000
vt 0.666667 0.000000
vt 0.000000 0.000000
vt 0.333333 1.000000
vt 0.666667 0.500000
vt 1.000000 0.000000
vt 1.000000 0.500000
vt 1.000000 1.000000
vt 0.666667 1.000000
vn -0.667733 0.681445 0.299608
vn -0.503322 -0.116766 -0.856173
vn 0.667734 -0.681444 -0.299608
vn 0.503322 0.116765 0.856173
vn -0.548450 -0.722497 0.420953
vn 0.548454 0.722494 -0.420953
vn -0.667735 0.681443 0.299607
vn -0.503325 -0.116767 -0.856171
vn 0.667735 -0.681443 -0.299607
vn 0.503323 0.116768 0.856172
vn -0.548450 -0.722497 0.420951
vn 0.548446 0.722501 -0.420951
usemtl None
s off
f 46/61/59 42/62/59 41/63/59
f 46/63/60 47/64/60 43/65/60
f 47/66/61 48/64/61 44/63/61
f 48/67/62 45/63/62 41/68/62
f 42/68/63 43/65/63 44/69/63
f 47/70/64 46/71/64 45/72/64
f 45/67/65 46/61/65 41/63/65
f 42/68/66 46/63/66 43/65/66
f 43/62/67 47/66/67 44/63/67
f 44/72/68 48/67/68 41/68/68
f 41/70/69 42/68/69 44/69/69
f 48/68/70 47/70/70 45/72/70
o Cube
v 42.000000 0.000000 51.000000
v 42.000000 0.000000 45.000000
v 48.000000 0.000000 45.000000
v 48.000000 0.000000 51.000000
v 42.000000 6.000000 51.000000
v 42.000000 6.000000 45.000000
v 48.000000 6.000000 45.000000
v 48.000000 6.000000 51.000000
v 46.200001 7.500000 45.000000
v 46.200001 7.500000 51.000000
v 44.099998 7.500000 45.000000
v 44.099998 7.500000 51.000000
v 42.000000 0.000000 45.000000
v 48.000000 0.000000 45.000000
v 42.000000 6.000000 45.000000
v 48.000000 6.000000 45.000000
v 46.200001 7.500000 45.000000
v 44.099998 7.500000 45.000000
v 43.067284 0.074679 44.495399
v 46.967709 0.074679 44.495399
v 43.067284 5.227438 44.495399
v 46.967709 5.227438 44.495399
v 45.797581 6.202545 44.495399
v 44.432434 6.202545 44.495399
v 43.067284 0.074679 49.495808
v 46.967709 0.074679 49.495808
v 43.067284 5.227438 49.495808
v 46.967709 5.227438 49.495808
v 45.797581 6.202545 49.495808
v 44.432434 6.202545 49.495808
vt 0.000000 0.690784
vt 0.000000 0.383769
vt 0.274057 0.383769
vt 0.000000 0.000000
vt 0.548114 0.379021
vt 0.548114 0.686036
vt 0.274057 0.686036
vt 0.274057 0.076754
vt 0.548114 0.686035
vt 0.821843 0.379021
vt 0.822167 0.271565
vt 0.822167 0.379021
vt 0.548109 0.379021
vt 0.548109 0.072006
vt 0.822167 0.072006
vt 0.822167 0.164110
vt 0.548109 0.271565
vt 0.356273 0.378914
vt 0.374789 0.309147
vt 0.437143 0.309217
vt 0.901224 0.686035
vt 0.901224 0.941596
vt 0.838869 0.941596
vt 0.452191 0.379021
vt 0.499497 0.260102
vt 0.845354 0.379021
vt 0.822167 0.324409
vt 0.822167 0.124827
vt 0.274057 0.303163
vt 0.274057 0.000525
vt 0.321343 0.000000
vt 0.321343 0.259904
vt 0.548109 0.303468
vt 0.499497 0.000198
vt 0.274057 0.740096
vt 0.274057 1.000000
vt 0.095904 0.999802
vt 0.838869 0.686035
vt 0.776514 0.944036
vt 1.000000 0.430169
vt 1.000000 0.686035
vt 0.821843 0.686035
vt 0.776514 0.686035
vt 0.776514 0.949698
vt 0.954671 0.688476
vt 0.954671 0.944036
vt 0.548114 0.949698
vt 0.319715 0.949698
vt 0.319715 0.686036
vt 0.274057 0.690784
vt 0.274057 0.379021
vt 0.000000 0.076754
vt 0.178137 0.000000
vt 0.082217 0.000000
vt 0.548109 0.164110
vt 0.845354 0.072006
vt 0.548109 0.000829
vt 0.158257 0.690784
vt 0.095904 0.739898
vt 0.220611 0.690853
vt 0.776514 0.688476
vt 0.821843 0.430169
vn -1.000000 0.000000 0.000000
vn 0.000000 0.000000 1.000000
vn 1.000000 0.000000 0.000000
vn 0.000000 -1.000000 0.000000
vn -0.581239 0.813733 0.000000
vn 0.640183 0.768223 0.000000
vn 0.000000 1.000000 0.000000
vn 0.000000 0.362468 -0.931996
vn -0.217722 0.304813 -0.927192
vn 0.000000 -0.989225 -0.146402
vn 0.439159 0.000000 -0.898409
vn 0.238924 0.286711 -0.927746
vn -0.427423 0.000000 -0.904052
vn 0.000000 0.000000 -1.000000
vn 0.581237 -0.813734 0.000000
vn -0.640185 -0.768221 0.000000
vn 0.640187 0.768219 0.000000
vn -0.217723 0.304814 -0.927192
vn 0.439151 0.000000 -0.898413
vn 0.238923 0.286710 -0.927746
vn -0.427431 0.000000 -0.904048
vn 0.581239 -0.813733 0.000000
vn -0.640183 -0.768222 0.000000
usemtl None_Level.png
s off
f 54/73/71 50/74/71 49/75/71
f 57/76/72 65/76/72 66/76/72
f 56/77/73 52/78/73 51/79/73
f 53/80/72 49/75/72 52/74/72
f 50/81/74 51/77/74 52/82/74
f 59/83/75 54/84/75 53/85/75
f 56/86/76 55/87/76 57/88/76
f 57/88/77 59/83/77 60/89/77
f 65/90/78 71/91/78 72/92/78
f 59/76/72 66/76/72 63/76/72
f 50/76/72 61/76/72 62/76/72
f 51/76/72 62/76/72 64/76/72
f 55/76/72 64/76/72 65/76/72
f 54/76/72 63/76/72 61/76/72
f 71/93/74 77/94/74 78/95/74
f 66/96/79 72/92/79 69/97/79
f 61/98/80 67/99/80 68/100/80
f 64/101/81 62/102/81 68/103/81
f 65/90/82 64/101/82 70/104/82
f 63/105/83 69/97/83 67/106/83
f 76/107/84 74/108/84 73/109/84
f 72/110/85 78/95/85 75/111/85
f 67/112/77 73/113/77 74/114/77
f 68/81/71 74/115/71 76/116/71
f 70/117/86 76/118/86 77/94/86
f 69/119/73 75/120/73 73/121/73
f 53/122/71 54/73/71 49/75/71
f 59/76/72 57/76/72 66/76/72
f 55/123/73 56/77/73 51/79/73
f 60/89/75 59/83/75 53/85/75
f 53/80/72 56/124/72 60/125/72
f 49/114/74 50/81/74 52/82/74
f 56/124/72 58/126/72 60/125/72
f 53/80/72 52/74/72 56/124/72
f 58/127/87 56/86/87 57/88/87
f 58/127/77 57/88/77 60/89/77
f 66/96/78 65/90/78 72/92/78
f 54/76/72 59/76/72 63/76/72
f 51/76/72 50/76/72 62/76/72
f 55/76/72 51/76/72 64/76/72
f 57/76/72 55/76/72 65/76/72
f 50/76/72 54/76/72 61/76/72
f 72/110/74 71/93/74 78/95/74
f 63/105/88 66/96/88 69/97/88
f 62/128/80 61/98/80 68/100/80
f 70/104/89 64/101/89 68/103/89
f 71/91/90 65/90/90 70/104/90
f 61/129/91 63/105/91 67/106/91
f 78/130/84 76/107/84 75/131/84
f 78/130/84 77/132/84 76/107/84
f 69/133/92 72/110/92 75/111/92
f 68/134/77 67/112/77 74/114/77
f 76/107/84 73/109/84 75/131/84
f 70/119/71 68/81/71 76/116/71
f 71/93/93 70/117/93 77/94/93
f 67/78/73 69/119/73 73/121/73
